1.jpg, robot base -1, 0
coffee cup
(-0.5181628074336426, -0.49614404689009106, 0.685)
coffee cup
(-0.6397596530875982, -0.04162859362116144, 0.685)
donut
(-0.5710854912277217, -0.39703866494872087, 0.685)
donut
(-0.47047300218762345, -0.1702390871485103, 0.685)


2.jpg
coffee cup
(-0.5683494724133736, -0.4364248445408527, 0.685)
coffee cup
(-0.5206087662146915, -0.4776898518368136, 0.685)
donut
(-0.6034805235865642, 0.0022554545670963183, 0.685)
donut
(-0.514371162308489, -0.22493653563772248, 0.685)

3.jpg
coffee cup
(-0.5021769506630013, -0.5494967428565282, 0.685)
coffee cup
(-0.45555521643925145, -0.195346144265095, 0.685)
donut
(-0.5895243903072322, 0.01003231757471118, 0.685)
donut
(-0.5716361846366498, -0.4026056749186443, 0.685)

4.jpg
coffee cup
(-0.5792278637318913, -0.35894348055200637, 0.685)
coffee cup
(-0.6073646427007457, -0.02939994227490741, 0.685)
donut
(-0.4952199507355415, -0.4873725800097284, 0.685)
donut
(-0.4622041098588964, -0.2483989174108699, 0.685)

1.jpg
world:
[[-0.5181628074336426, -0.49614404689009106],
[-0.6397596530875982, -0.04162859362116144],
[-0.5710854912277217, -0.39703866494872087]]
pixels:
[[312,380],
[264,199],
[292,332]]

2.jpg
world:
[[-0.5683494724133736, -0.4364248445408527],
[-0.5206087662146915, -0.4776898518368136],
[-0.6034805235865642, 0.0022554545670963183]]
pixels:
[[292,357],
[311,373],
[282,185]]

3.jpg
world:
[[-0.5021769506630013, -0.5494967428565282],
[-0.5895243903072322, 0.01003231757471118],
[-0.5716361846366498, -0.4026056749186443]]
pixels:
[[317,402],
[287,183],
[293,335]]

4.jpg
world
[[-0.5792278637318913, -0.35894348055200637],
[-0.6073646427007457, -0.02939994227490741],
[-0.4952199507355415, -0.4873725800097284]]

pixels:
[[289,326],
[276,194],
[320,366]]

All

world
src=np.array([[-0.5181628074336426, -0.49614404689009106],
[-0.6397596530875982, -0.04162859362116144],
[-0.5710854912277217, -0.39703866494872087],
[-0.5683494724133736, -0.4364248445408527],
[-0.5206087662146915, -0.4776898518368136],
[-0.6034805235865642, 0.0022554545670963183],
[-0.5021769506630013, -0.5494967428565282],
[-0.5895243903072322, 0.01003231757471118],
[-0.5716361846366498, -0.4026056749186443],
[-0.5792278637318913, -0.35894348055200637],
[-0.6073646427007457, -0.02939994227490741],
[-0.4952199507355415, -0.4873725800097284]])

pixels
dst=np.array([[312,380],
[264,199],
[292,332],
[292,357],
[311,373],
[282,185],
[317,402],
[287,183],
[293,335],
[289,326],
[276,194],
[320,366]])

from skimage import transform
tform = transform.estimate_transform('affine', src, dst)
tform(src) -dst